============================================================
  GNN Results - Cora_k2
  Generated: 2026-03-31 22:07:40
============================================================

Dataset Info
  Dataset       : Cora
  Num graphs    : 1
  Num features  : 1433
  Num classes   : 7
  Num nodes     : 2708
  Num edges     : 10556

Model Config
  GNN layers (k): 2
  Hidden dim    : 128
  Epochs        : 3000
  LR            : 0.01
  Weight decay  : 5e-3
  Dropout       : 0.5

Best Results (by val loss)
  Best epoch    : 840
  Train F1      : 1.0000
  Val   F1      : 0.7298
  Test  F1      : 0.7257

Training History (every 20 epochs)
   Epoch  Train Loss    Val Loss  Train F1    Val F1
  ------  ----------  ----------  --------  --------
      20      0.1055      2.1521    0.9789    0.7386
      40      0.0138      2.7875    0.9929    0.7271
      60      0.0053      2.8537    1.0000    0.7106
      80      0.0051      3.1889    1.0000    0.7426
     100      0.0018      2.6818    1.0000    0.7187
     120      0.0007      2.7822    1.0000    0.7143
     140      0.0016      2.5248    1.0000    0.6937
     160      0.0008      2.2499    1.0000    0.7518
     180      0.0067      2.2316    1.0000    0.7124
     200      0.0069      2.1257    1.0000    0.7108
     220      0.0036      2.6237    1.0000    0.7262
     240      0.0009      2.5064    1.0000    0.7516
     260      0.0030      2.8531    1.0000    0.6724
     280      0.0009      2.9317    1.0000    0.7040
     300      0.0012      2.6006    1.0000    0.7372
     320      0.0013      2.7623    1.0000    0.7392
     340      0.0062      2.6134    1.0000    0.7252
     360      0.0019      2.9392    1.0000    0.6891
     380      0.0012      2.5590    1.0000    0.7512
     400      0.0023      2.2470    1.0000    0.7229
     420      0.0008      2.7146    1.0000    0.7043
     440      0.0028      2.4513    1.0000    0.7203
     460      0.0008      2.5731    1.0000    0.7182
     480      0.0026      2.4308    1.0000    0.7111
     500      0.0198      2.5799    0.9929    0.7351
     520      0.0110      2.5176    1.0000    0.7011
     540      0.0018      2.2067    1.0000    0.7294
     560      0.0011      2.2298    1.0000    0.7383
     580      0.0021      1.9497    1.0000    0.7314
     600      0.0028      2.0983    1.0000    0.7109
     620      0.0042      2.3636    1.0000    0.7031
     640      0.0004      2.3850    1.0000    0.7204
     660      0.0048      2.2497    1.0000    0.7121
     680      0.0095      2.8652    1.0000    0.7272
     700      0.0044      3.0887    1.0000    0.6968
     720      0.0051      2.2368    1.0000    0.7174
     740      0.0120      2.6253    1.0000    0.7131
     760      0.0013      2.3725    1.0000    0.7186
     780      0.0011      2.4051    1.0000    0.7292
     800      0.0022      2.1207    1.0000    0.7010
     820      0.0012      2.0454    1.0000    0.7157
     840      0.0012      1.8779    1.0000    0.7298
     860      0.0154      2.1801    0.9929    0.7133
     880      0.0044      2.1441    1.0000    0.7257
     900      0.0012      3.1876    1.0000    0.7137
     920      0.0003      3.5919    1.0000    0.7131
     940      0.0004      3.3572    1.0000    0.7096
     960      0.0007      2.9401    1.0000    0.6864
     980      0.0035      2.6418    1.0000    0.6989
    1000      0.0803      3.6263    0.9711    0.6410
    1020      0.0008      5.7837    1.0000    0.7225
    1040      0.0011      4.8811    1.0000    0.7261
    1060      0.0003      3.8009    1.0000    0.6810
    1080      0.0005      4.9604    1.0000    0.6644
    1100      0.0002      4.2963    1.0000    0.7242
    1120      0.0134      3.5807    1.0000    0.7065
    1140      0.0002      3.0046    1.0000    0.6823
    1160      0.0010      3.0856    1.0000    0.7411
    1180      0.0014      2.3454    1.0000    0.6922
    1200      0.0004      2.5457    1.0000    0.7251
    1220      0.0046      2.9474    1.0000    0.7162
    1240      0.0015      2.6238    1.0000    0.6987
    1260      0.0041      3.0426    1.0000    0.6628
    1280      0.0012      2.5644    1.0000    0.6858
    1300      0.0036      2.7639    1.0000    0.6919
    1320      0.0004      5.0490    1.0000    0.6958
    1340      0.0005      4.1444    1.0000    0.6967
    1360      0.0003      3.1335    1.0000    0.7181
    1380      0.0159      3.0341    0.9929    0.6878
    1400      0.0314      2.6077    0.9929    0.6816
    1420      0.0004      2.9211    1.0000    0.7036
    1440      0.0010      2.3903    1.0000    0.7064
    1460      0.0008      2.5169    1.0000    0.7199
    1480      0.0014      2.6381    1.0000    0.6908
    1500      0.0064      2.8105    1.0000    0.6990
    1520      0.0017      2.7207    1.0000    0.7109
    1540      0.0004      2.2386    1.0000    0.7385
    1560      0.0031      2.5031    1.0000    0.7155
    1580      0.0016      2.0317    1.0000    0.7386
    1600      0.0037      2.4974    1.0000    0.7242
    1620      0.0008      2.5436    1.0000    0.7155
    1640      0.0005      2.1281    1.0000    0.7497
    1660      0.0023      2.1907    1.0000    0.7388
    1680      0.0061      2.1777    1.0000    0.7127
    1700      0.0006      2.5677    1.0000    0.7262
    1720      0.0006      2.8529    1.0000    0.7255
    1740      0.0004      2.4368    1.0000    0.7208
    1760      0.0011      2.4017    1.0000    0.7294
    1780      0.0007      2.5412    1.0000    0.7194
    1800      0.0009      2.4548    1.0000    0.7223
    1820      0.0073      2.8847    1.0000    0.6654
    1840      0.0020      2.3829    1.0000    0.7314
    1860      0.0013      2.7471    1.0000    0.7048
    1880      0.0006      2.8259    1.0000    0.7259
    1900      0.0005      2.7085    1.0000    0.7152
    1920      0.0067      2.4878    1.0000    0.7107
    1940      0.0040      3.0246    1.0000    0.7293
    1960      0.0020      3.4453    1.0000    0.6650
    1980      0.0019      2.9926    1.0000    0.6891
    2000      0.0006      3.3203    1.0000    0.6783
    2020      0.0021      3.3883    1.0000    0.6684
    2040      0.0022      3.6744    1.0000    0.7112
    2060      0.1838      3.2403    0.9929    0.7189
    2080      0.0006      3.1437    1.0000    0.7028
    2100      0.0005      3.1716    1.0000    0.7499
    2120      0.0033      2.8087    1.0000    0.7248
    2140      0.0006      2.9841    1.0000    0.6913
    2160      0.0014      3.1377    1.0000    0.6948
    2180      0.0014      2.7786    1.0000    0.7306
    2200      0.0345      2.9877    1.0000    0.6594
    2220      0.0004      3.2895    1.0000    0.7311
    2240      0.0003      3.0659    1.0000    0.6805
    2260      0.0004      2.5318    1.0000    0.7122
    2280      0.0170      2.9829    0.9929    0.6862
    2300      0.0051      3.1087    1.0000    0.7009
    2320      0.0002      2.9309    1.0000    0.6783
    2340      0.0040      2.5806    1.0000    0.7039
    2360      0.0012      2.6980    1.0000    0.6887
    2380      0.0029      2.8398    1.0000    0.6660
    2400      0.0066      2.6337    1.0000    0.7048
    2420      0.0051      3.1988    1.0000    0.6605
    2440      0.0005      3.1628    1.0000    0.7160
    2460      0.0008      2.4432    1.0000    0.7064
    2480      0.0006      2.4732    1.0000    0.7200
    2500      0.0247      2.1960    0.9929    0.6290
    2520      0.0077      3.7206    1.0000    0.6905
    2540      0.0004      4.5087    1.0000    0.7022
    2560      0.0009      3.0671    1.0000    0.7049
    2580      0.0098      2.8513    0.9929    0.6903
    2600      0.0004      2.7008    1.0000    0.7091
    2620      0.0022      2.6801    1.0000    0.7066
    2640      0.0010      2.6595    1.0000    0.7176
    2660      0.0044      2.8257    1.0000    0.6913
    2680      0.0025      2.4767    1.0000    0.6864
    2700      0.0044      2.7517    1.0000    0.6988
    2720      0.0008      2.5314    1.0000    0.6955
    2740      0.0013      2.6287    1.0000    0.7111
    2760      0.0020      2.5852    1.0000    0.6986
    2780      0.0032      2.6728    1.0000    0.7275
    2800      0.0023      2.6956    1.0000    0.7064
    2820      0.0060      3.4685    1.0000    0.6911
    2840      0.0001      3.5041    1.0000    0.6864
    2860      0.0005      4.0200    1.0000    0.7157
    2880      0.0091      4.2884    1.0000    0.6768
    2900      0.0358      4.9693    1.0000    0.6050
    2920      0.0007      3.9682    1.0000    0.7029
    2940      0.0004      3.6930    1.0000    0.7120
    2960      0.0008      3.4823    1.0000    0.6947
    2980      0.0003      3.0258    1.0000    0.7282
    3000      0.1331      3.6449    0.9704    0.6793
